[
[-0.900000, 2.0, 16.8000],
[-0.800003, 2.0, 16.8000],
[-0.400003, 2.0, 16.8000],
[0.100000, 2.0, 16.8000],
[0.900000, 2.0, 16.8000],
[1.70000, 2.0, 16.7000],
[2.50000, 2.0, 16.4000],
[3.30000, 2.0, 16.0000],
[4.50000, 2.0, 15.4000],
[5.60000, 2.0, 14.9000],
[7.30000, 2.0, 14.2000],
[8.90000, 2.0, 13.4000],
[10.6000, 2.0, 12.5000],
[12.1000, 2.0, 11.4000],
[13.3000, 2.0, 9.90000],
[14.2000, 2.0, 8.60000],
[15.4000, 2.0, 7.00000],
[16.3000, 2.0, 5.60000],
[17.2000, 2.0, 4.10000],
[18.1000, 2.0, 2.50000],
[18.8000, 2.0, 1.00000],
[19.3000, 2.0, -0.399998],
[19.7000, 2.0, -1.80000],
[19.8000, 2.0, -3.50000],
[19.8000, 2.0, -4.90000],
[19.8000, 2.0, -6.40000],
[19.2000, 2.0, -8.30000],
[18.5000, 2.0, -9.60000],
[17.6000, 2.0, -11.0000],
[16.7000, 2.0, -12.1000],
[15.8000, 2.0, -13.1000],
[14.9000, 2.0, -14.2000],
[13.7000, 2.0, -15.0000],
[12.4000, 2.0, -15.8000],
[11.1000, 2.0, -16.3000],
[9.70000, 2.0, -16.8000],
[8.10000, 2.0, -17.1000],
[6.20000, 2.0, -17.3000],
[4.40000, 2.0, -17.4000],
[2.20000, 2.0, -17.4000],
[0.400003, 2.0, -17.4000],
[-1.30000, 2.0, -17.4000],
[-3.10000, 2.0, -17.1000],
[-4.60000, 2.0, -16.8000],
[-6.10000, 2.0, -16.4000],
[-7.10000, 2.0, -16.0000],
[-8.10000, 2.0, -15.3000],
[-9.10000, 2.0, -14.8000],
[-10.2000, 2.0, -14.0000],
[-11.4000, 2.0, -13.1000],
[-12.5000, 2.0, -12.3000],
[-13.1000, 2.0, -11.7000],
[-13.5000, 2.0, -10.9000],
[-13.9000, 2.0, -10.2000],
[-14.2000, 2.0, -9.30000],
[-14.5000, 2.0, -8.30000],
[-14.8000, 2.0, -7.40000],
[-15.0000, 2.0, -6.50000],
[-15.2000, 2.0, -5.30000],
[-15.4000, 2.0, -4.60000],
[-15.6000, 2.0, -3.60000],
[-15.7000, 2.0, -2.60000],
[-15.8000, 2.0, -1.70000],
[-15.8000, 2.0, -1.00000],
[-15.8000, 2.0, 0.0999985],
[-15.8000, 2.0, 0.900002],
[-15.7000, 2.0, 2.10000],
[-15.5000, 2.0, 3.00000],
[-15.4000, 2.0, 4.10000],
[-15.2000, 2.0, 4.90000],
[-14.9000, 2.0, 5.80000],
[-14.8000, 2.0, 6.40000],
[-14.5000, 2.0, 7.50000],
[-14.2000, 2.0, 8.30000],
[-13.8000, 2.0, 9.30000],
[-13.3000, 2.0, 10.2000],
[-12.7000, 2.0, 11.1000],
[-12.1000, 2.0, 12.1000],
[-11.3000, 2.0, 13.0000],
[-10.6000, 2.0, 13.6000],
[-10.0000, 2.0, 14.1000],
[-9.30001, 2.0, 14.9000],
[-8.60000, 2.0, 15.5000],
[-7.80001, 2.0, 16.0000],
[-7.10000, 2.0, 16.5000],
[-6.30000, 2.0, 16.8000],
[-5.80000, 2.0, 16.9000],
[-5.20000, 2.0, 17.0000],
[-4.90000, 2.0, 17.0000],
[-4.60000, 2.0, 17.0000],
[-4.20000, 2.0, 17.0000],
[-3.80000, 2.0, 17.0000],
[-3.50000, 2.0, 17.0000],
[-3.20000, 2.0, 17.0000],
[-2.90000, 2.0, 17.0000],
[-2.70000, 2.0, 17.0000],
[-2.40000, 2.0, 17.0000],
[-2.10000, 2.0, 17.0000],
[-1.60000, 2.0, 17.0000],
[-1.10000, 2.0, 17.0000],
[-0.699997, 2.0, 17.0000],
]
