[
[-3.99994, 117],
[-1, 117],
[5.00003, 115],
[9.00003, 114],
[13, 112],
[18, 110],
[21, 108],
[28, 104],
[37, 98],
[47, 94],
[57, 90],
[64.0001, 85],
[70, 81],
[76, 76],
[82, 72],
[89, 65],
[96, 57],
[103, 50],
[110, 42],
[115, 34],
[119, 29],
[124, 22],
[129, 14],
[133, 8.00003],
[137, -0.999939],
[140, -8.99997],
[142, -16],
[145, -24],
[145, -33],
[144, -41],
[142, -48],
[137, -56],
[132, -63.9999],
[126, -70],
[117, -77],
[108, -82],
[96, -87],
[84, -94],
[69, -98],
[56.0001, -101],
[45.0001, -104],
[34.0001, -105],
[24, -105],
[14, -106],
[5.00003, -106],
[-8, -107],
[-16, -108],
[-24, -108],
[-29.9999, -108],
[-37, -105],
[-44, -102],
[-48, -99],
[-55, -92],
[-59.9999, -90],
[-64, -84],
[-69, -79],
[-72, -74],
[-77, -67],
[-82, -61],
[-86, -56],
[-90, -52],
[-94, -48],
[-97, -44],
[-100, -37.9999],
[-104, -32],
[-108, -26],
[-112, -19],
[-115, -11],
[-119, -1.99997],
[-121, 5.00003],
[-121, 11],
[-121, 18],
[-121, 24],
[-119, 30],
[-116, 37],
[-113, 43],
[-108, 51],
[-101, 57],
[-94, 64],
[-87, 69],
[-80, 75],
[-73, 79],
[-67.9999, 84],
[-64, 87],
[-60.9999, 90],
[-57, 92],
[-52.9999, 95],
[-49, 97],
[-44.9999, 100],
[-42, 103],
[-39, 106],
[-36, 109],
[-33, 112],
[-28, 114],
[-25, 117],
[-22, 118],
[-18.9999, 118],
[-18, 118],
[-17, 118],
[-14.9999, 119],
[-10.9999, 119],
[-8, 119],
[-5.99997, 119],
[-4.99997, 119],
]
